# 1000 10115
0 26
0 109
0 118
0 210
0 285
0 359
0 381
0 437
0 510
0 622
0 673
0 867
0 871
0 889
0 915
1 9
1 109
1 120
1 142
1 149
1 255
1 263
1 266
1 273
1 376
1 393
1 442
1 454
1 455
1 563
1 581
1 592
1 617
1 647
1 694
1 718
1 723
1 797
1 859
1 911
1 962
2 14
2 30
2 39
2 57
2 93
2 107
2 187
2 285
2 434
2 514
2 708
2 712
2 720
2 786
2 788
2 792
2 915
2 937
2 978
3 4
3 98
3 125
3 155
3 206
3 265
3 472
3 503
3 556
3 605
3 613
3 633
3 638
3 650
3 683
3 701
3 714
3 749
3 830
3 853
3 860
3 867
3 881
3 896
3 914
3 937
3 941
4 18
4 143
4 299
4 312
4 470
4 537
4 558
4 600
4 670
4 680
4 738
4 761
4 787
4 837
4 895
4 935
5 22
5 41
5 87
5 107
5 146
5 188
5 273
5 314
5 318
5 411
5 525
5 573
5 594
5 600
5 660
5 674
5 686
5 705
5 719
5 726
5 732
5 749
5 796
5 798
5 799
5 820
5 970
5 994
6 7
6 101
6 175
6 252
6 253
6 322
6 397
6 456
6 459
6 523
6 722
6 778
6 786
6 884
6 899
6 905
6 909
7 32
7 43
7 52
7 103
7 105
7 142
7 190
7 203
7 221
7 294
7 336
7 384
7 422
7 531
7 556
7 579
7 623
7 712
7 744
7 786
7 815
7 850
8 52
8 107
8 220
8 274
8 290
8 368
8 401
8 422
8 501
8 503
8 589
8 639
8 710
8 766
8 783
8 786
8 823
8 869
8 982
8 984
9 70
9 74
9 155
9 166
9 342
9 349
9 363
9 368
9 393
9 397
9 457
9 490
9 534
9 611
9 640
9 699
9 775
9 790
9 853
9 920
10 90
10 113
10 120
10 247
10 314
10 448
10 504
10 547
10 684
10 730
10 743
10 819
10 833
10 835
10 872
10 884
10 917
11 63
11 86
11 119
11 120
11 132
11 152
11 159
11 200
11 282
11 293
11 326
11 339
11 386
11 460
11 555
11 556
11 572
11 811
11 834
11 843
11 864
11 870
11 877
11 938
11 957
12 19
12 50
12 54
12 64
12 91
12 322
12 371
12 377
12 428
12 440
12 460
12 470
12 484
12 494
12 499
12 535
12 561
12 650
12 657
12 734
12 763
12 890
12 931
13 46
13 174
13 183
13 221
13 235
13 246
13 294
13 389
13 411
13 451
13 531
13 577
13 685
13 691
13 692
13 714
13 793
13 817
13 852
14 24
14 213
14 256
14 330
14 339
14 382
14 383
14 461
14 468
14 528
14 568
14 572
14 587
14 619
14 835
14 839
14 888
14 911
14 957
15 35
15 90
15 219
15 229
15 262
15 367
15 368
15 435
15 496
15 600
15 617
15 684
15 688
15 803
15 814
15 839
15 912
15 941
15 972
16 64
16 81
16 103
16 119
16 162
16 212
16 277
16 289
16 293
16 297
16 326
16 432
16 461
16 467
16 591
16 631
16 655
16 664
16 668
16 701
16 706
16 778
16 790
16 835
16 860
16 878
16 884
16 899
17 73
17 83
17 180
17 182
17 364
17 425
17 437
17 450
17 504
17 506
17 513
17 574
17 589
17 764
17 796
17 966
18 69
18 86
18 118
18 165
18 171
18 178
18 242
18 244
18 263
18 320
18 327
18 446
18 545
18 569
18 610
18 655
18 956
18 967
19 67
19 107
19 110
19 154
19 219
19 226
19 348
19 398
19 434
19 453
19 568
19 582
19 608
19 714
19 754
19 780
19 814
19 835
20 24
20 34
20 48
20 81
20 316
20 357
20 392
20 489
20 493
20 504
20 581
20 628
20 636
20 644
20 717
20 779
20 914
20 933
20 960
20 983
21 65
21 127
21 241
21 279
21 369
21 418
21 423
21 490
21 501
21 524
21 629
21 677
21 699
21 703
21 839
21 968
22 61
22 98
22 214
22 272
22 441
22 500
22 621
22 685
22 725
22 821
22 874
22 890
22 892
22 917
23 62
23 82
23 124
23 150
23 153
23 166
23 207
23 237
23 309
23 449
23 517
23 614
23 631
23 635
23 711
23 749
23 772
23 856
23 895
23 928
24 29
24 163
24 239
24 285
24 355
24 503
24 518
24 552
24 628
24 631
24 654
24 676
24 695
24 741
24 754
24 775
24 779
24 802
24 815
24 817
24 839
24 841
25 58
25 149
25 225
25 258
25 315
25 333
25 471
25 482
25 492
25 568
25 655
25 742
25 750
25 755
25 781
25 801
25 808
25 813
25 831
25 868
25 870
25 874
25 881
25 957
25 977
26 57
26 79
26 148
26 241
26 364
26 494
26 522
26 523
26 593
26 676
26 730
26 777
26 778
26 779
26 795
26 843
26 958
27 57
27 69
27 72
27 94
27 102
27 369
27 389
27 429
27 447
27 490
27 520
27 521
27 567
27 606
27 640
27 671
27 677
27 685
27 747
27 773
27 777
27 824
27 927
27 932
28 72
28 83
28 172
28 225
28 237
28 289
28 321
28 430
28 441
28 481
28 514
28 529
28 550
28 586
28 666
28 735
28 819
28 861
28 915
29 37
29 81
29 124
29 240
29 299
29 442
29 570
29 583
29 591
29 706
29 884
30 37
30 54
30 112
30 127
30 141
30 160
30 173
30 244
30 319
30 370
30 373
30 374
30 452
30 473
30 613
30 659
30 693
30 706
30 882
30 937
30 995
31 61
31 126
31 136
31 223
31 275
31 282
31 367
31 373
31 394
31 441
31 469
31 497
31 720
31 751
31 894
31 946
31 947
31 971
32 93
32 94
32 131
32 172
32 259
32 273
32 339
32 415
32 431
32 434
32 461
32 473
32 508
32 528
32 530
32 742
32 788
32 829
32 850
32 860
32 885
32 913
32 930
33 40
33 88
33 95
33 106
33 174
33 210
33 323
33 324
33 361
33 363
33 431
33 468
33 661
33 751
33 773
33 853
33 855
33 894
34 137
34 165
34 166
34 215
34 226
34 251
34 312
34 409
34 421
34 506
34 523
34 546
34 616
34 622
34 762
34 788
34 856
35 175
35 221
35 247
35 325
35 371
35 395
35 404
35 407
35 480
35 515
35 568
35 572
35 604
35 640
35 662
35 663
35 717
35 726
35 852
35 862
35 900
35 917
35 941
35 976
35 996
36 90
36 241
36 250
36 274
36 301
36 317
36 331
36 382
36 392
36 399
36 456
36 535
36 609
36 635
36 704
36 727
36 776
36 809
36 900
36 932
37 94
37 123
37 239
37 312
37 341
37 343
37 369
37 380
37 481
37 488
37 510
37 550
37 568
37 641
37 781
37 792
37 802
37 905
37 940
37 969
38 75
38 115
38 121
38 149
38 290
38 291
38 394
38 434
38 641
38 668
38 710
38 774
38 775
38 821
38 833
38 847
38 993
39 153
39 172
39 173
39 184
39 293
39 297
39 319
39 358
39 423
39 573
39 600
39 616
39 641
39 700
39 788
39 821
39 911
39 917
40 56
40 178
40 248
40 366
40 368
40 394
40 439
40 458
40 505
40 553
40 612
40 633
40 640
40 643
40 687
40 698
40 706
40 719
40 797
40 818
40 847
41 47
41 110
41 185
41 302
41 370
41 463
41 485
41 489
41 731
41 744
41 798
41 851
41 905
41 946
42 84
42 126
42 138
42 172
42 196
42 429
42 432
42 437
42 459
42 553
42 612
42 680
42 761
42 812
42 831
42 846
42 882
43 98
43 157
43 184
43 194
43 235
43 271
43 283
43 325
43 333
43 375
43 414
43 418
43 437
43 462
43 503
43 586
43 634
43 654
43 673
43 937
43 956
44 155
44 217
44 243
44 349
44 411
44 477
44 488
44 489
44 559
44 591
44 772
44 816
44 821
44 861
44 919
44 963
44 968
45 106
45 111
45 144
45 240
45 279
45 319
45 321
45 328
45 344
45 381
45 419
45 446
45 463
45 525
45 569
45 640
45 664
45 703
45 736
45 742
45 747
45 847
45 854
45 985
45 992
46 57
46 87
46 110
46 279
46 302
46 323
46 331
46 381
46 423
46 501
46 576
46 612
46 626
46 657
46 702
46 744
46 754
46 762
46 769
46 771
46 773
46 799
46 847
46 878
46 953
47 80
47 159
47 186
47 219
47 252
47 272
47 380
47 400
47 512
47 677
47 718
47 938
47 965
48 300
48 338
48 357
48 383
48 384
48 414
48 477
48 483
48 552
48 770
48 846
48 900
48 932
49 95
49 226
49 229
49 243
49 324
49 504
49 532
49 545
49 639
49 650
49 716
49 759
49 884
49 958
50 72
50 106
50 212
50 280
50 445
50 538
50 608
50 614
50 623
50 627
50 654
50 754
50 795
50 838
50 850
50 943
51 71
51 113
51 139
51 184
51 194
51 244
51 258
51 273
51 299
51 310
51 341
51 430
51 448
51 553
51 568
51 631
51 643
51 750
51 889
51 946
51 950
51 994
52 74
52 139
52 195
52 288
52 330
52 366
52 374
52 378
52 488
52 511
52 515
52 518
52 534
52 536
52 551
52 587
52 611
52 617
52 714
52 720
52 780
52 875
52 878
52 881
52 904
52 934
53 60
53 65
53 81
53 120
53 123
53 151
53 340
53 440
53 472
53 473
53 502
53 518
53 569
53 611
53 616
53 674
53 703
53 744
53 745
53 843
53 862
54 133
54 151
54 341
54 377
54 380
54 474
54 514
54 592
54 643
54 710
54 779
54 780
54 799
54 825
54 832
54 864
54 878
54 936
54 951
54 964
54 989
55 83
55 126
55 145
55 180
55 247
55 281
55 289
55 315
55 441
55 464
55 557
55 586
55 594
55 736
55 923
55 953
55 974
56 153
56 256
56 339
56 357
56 429
56 450
56 580
56 589
56 672
56 684
56 719
56 787
56 799
56 821
56 822
56 859
56 934
57 80
57 139
57 189
57 317
57 322
57 380
57 406
57 422
57 481
57 485
57 534
57 768
57 775
57 786
57 835
57 836
57 968
58 106
58 123
58 128
58 140
58 180
58 211
58 230
58 244
58 263
58 289
58 300
58 326
58 404
58 463
58 571
58 595
58 601
58 631
58 636
58 701
58 731
58 735
58 768
58 894
59 68
59 78
59 202
59 238
59 287
59 309
59 357
59 396
59 412
59 465
59 491
59 544
59 557
59 570
59 595
59 963
60 98
60 157
60 189
60 221
60 241
60 380
60 385
60 403
60 407
60 411
60 488
60 542
60 603
60 673
60 687
60 737
60 835
60 912
60 916
60 917
61 84
61 173
61 299
61 426
61 450
61 480
61 536
61 543
61 544
61 584
61 683
61 989
62 167
62 184
62 203
62 206
62 452
62 466
62 502
62 632
62 650
62 679
62 749
62 750
62 764
62 770
62 838
62 850
63 122
63 146
63 163
63 193
63 203
63 249
63 271
63 353
63 406
63 475
63 481
63 499
63 529
63 582
63 708
63 726
63 754
63 786
63 811
63 901
64 144
64 253
64 284
64 312
64 358
64 495
64 645
64 720
64 729
64 743
64 818
64 824
64 854
64 957
64 971
64 985
65 144
65 253
65 300
65 354
65 377
65 385
65 402
65 443
65 458
65 461
65 466
65 535
65 586
65 604
65 612
65 631
65 643
65 652
65 662
65 732
65 810
65 861
65 894
65 929
66 81
66 156
66 159
66 198
66 256
66 279
66 332
66 344
66 721
66 729
66 774
66 791
66 832
66 913
66 927
66 968
66 989
67 103
67 231
67 247
67 325
67 327
67 355
67 380
67 385
67 472
67 495
67 523
67 549
67 689
67 854
67 908
68 200
68 203
68 227
68 246
68 287
68 295
68 373
68 411
68 469
68 623
68 636
68 716
68 770
68 806
68 847
68 858
69 160
69 241
69 343
69 361
69 379
69 434
69 477
69 528
69 553
69 636
69 682
69 730
69 735
69 741
69 758
69 773
69 886
69 909
69 951
70 189
70 208
70 226
70 240
70 330
70 377
70 430
70 528
70 573
70 582
70 586
70 692
70 751
70 761
70 880
71 166
71 212
71 218
71 370
71 447
71 451
71 460
71 477
71 537
71 635
71 670
71 726
71 745
71 767
71 772
71 782
71 808
71 888
71 926
71 933
72 91
72 108
72 237
72 264
72 279
72 283
72 315
72 412
72 479
72 487
72 639
72 671
72 732
72 765
72 772
72 799
72 913
72 968
72 982
73 82
73 83
73 111
73 115
73 164
73 183
73 191
73 259
73 413
73 470
73 495
73 505
73 534
73 556
73 576
73 731
73 791
73 803
73 880
73 976
74 118
74 151
74 169
74 245
74 291
74 342
74 354
74 578
74 610
74 617
74 625
74 635
74 696
74 785
74 796
74 803
74 821
74 841
74 852
74 929
74 949
75 85
75 93
75 104
75 105
75 136
75 186
75 294
75 356
75 428
75 530
75 541
75 561
75 567
75 572
75 593
75 650
75 722
75 734
75 780
75 808
75 813
75 863
76 103
76 175
76 253
76 292
76 343
76 419
76 511
76 524
76 525
76 677
76 678
76 754
76 789
76 846
76 906
76 988
77 131
77 159
77 186
77 218
77 242
77 243
77 261
77 300
77 390
77 645
77 717
77 786
77 801
77 887
77 982
78 158
78 188
78 235
78 273
78 293
78 315
78 347
78 469
78 476
78 484
78 652
78 660
78 750
78 831
78 845
78 861
78 866
78 869
78 954
79 152
79 187
79 229
79 299
79 401
79 414
79 426
79 469
79 520
79 596
79 628
79 653
79 681
79 682
79 684
79 705
79 766
79 814
79 912
79 914
79 944
79 971
80 81
80 204
80 211
80 237
80 313
80 448
80 486
80 523
80 542
80 586
80 653
80 655
80 710
80 711
80 747
80 756
80 786
81 101
81 212
81 257
81 300
81 339
81 347
81 351
81 366
81 429
81 509
81 635
81 854
81 874
81 913
81 976
82 195
82 273
82 356
82 403
82 412
82 484
82 623
82 673
82 772
82 843
82 869
82 900
82 908
82 928
82 959
83 94
83 104
83 331
83 351
83 358
83 609
83 714
83 718
83 893
83 984
84 93
84 151
84 198
84 230
84 364
84 551
84 611
84 823
84 925
84 937
84 999
85 113
85 120
85 247
85 264
85 295
85 328
85 349
85 376
85 438
85 440
85 466
85 482
85 522
85 540
85 614
85 633
85 647
85 674
85 704
85 707
85 740
85 747
85 816
85 856
85 876
85 926
85 953
86 100
86 109
86 161
86 281
86 307
86 316
86 361
86 643
86 646
86 690
86 805
86 851
86 878
86 941
86 968
87 181
87 236
87 311
87 352
87 441
87 492
87 566
87 590
87 606
87 626
87 627
87 642
87 648
87 661
87 773
87 879
87 992
87 997
88 157
88 282
88 284
88 291
88 300
88 306
88 336
88 414
88 475
88 527
88 571
88 660
88 666
88 672
88 675
88 709
88 720
88 748
88 760
88 774
88 781
88 827
88 844
88 939
88 985
89 115
89 121
89 250
89 256
89 284
89 376
89 426
89 463
89 501
89 509
89 558
89 583
89 626
89 655
89 680
89 696
89 717
89 749
89 792
89 877
89 960
89 987
89 989
90 105
90 115
90 137
90 366
90 405
90 431
90 542
90 569
90 610
90 718
90 729
90 777
90 809
90 854
90 864
90 878
90 989
91 145
91 153
91 200
91 292
91 358
91 373
91 454
91 517
91 720
91 746
92 101
92 202
92 307
92 335
92 358
92 386
92 408
92 445
92 536
92 540
92 680
92 689
92 706
92 733
92 742
92 770
92 879
92 921
92 935
93 95
93 210
93 264
93 278
93 327
93 403
93 428
93 435
93 573
93 607
93 621
93 663
93 679
93 721
93 753
93 938
93 950
94 97
94 181
94 217
94 409
94 530
94 618
94 635
94 685
94 714
94 738
94 801
94 804
95 97
95 151
95 192
95 211
95 249
95 315
95 336
95 376
95 474
95 499
95 590
95 593
95 626
95 643
95 679
95 698
95 812
96 103
96 163
96 165
96 173
96 183
96 264
96 338
96 380
96 419
96 469
96 520
96 545
96 697
96 752
96 770
96 909
96 941
96 956
96 998
97 221
97 433
97 483
97 553
97 665
97 736
97 745
97 749
97 760
97 971
98 205
98 208
98 233
98 281
98 324
98 331
98 379
98 395
98 417
98 458
98 461
98 476
98 510
98 610
98 666
98 669
98 708
98 758
98 865
98 899
98 918
99 165
99 184
99 202
99 224
99 326
99 367
99 378
99 525
99 579
99 610
99 618
99 622
99 666
99 684
99 693
99 796
99 877
99 928
99 945
100 193
100 197
100 273
100 434
100 444
100 487
100 506
100 530
100 560
100 561
100 565
100 658
100 772
100 837
101 108
101 136
101 156
101 242
101 297
101 432
101 452
101 492
101 520
101 525
101 545
101 559
101 578
101 615
101 710
101 767
101 822
101 969
102 214
102 389
102 521
102 533
102 650
102 665
102 696
102 723
102 839
102 868
102 907
102 931
102 942
102 979
102 981
102 986
103 127
103 182
103 282
103 375
103 478
103 485
103 505
103 514
103 545
103 607
103 612
103 683
103 686
103 717
103 758
103 770
103 890
103 905
103 909
103 964
103 987
103 997
104 117
104 155
104 314
104 329
104 332
104 407
104 415
104 502
104 545
104 640
104 657
104 690
104 695
104 706
104 707
104 708
104 721
104 749
104 769
104 812
104 882
104 888
104 905
104 910
104 923
104 989
105 133
105 212
105 327
105 344
105 349
105 375
105 431
105 444
105 522
105 680
105 870
105 919
105 922
106 206
106 227
106 279
106 310
106 374
106 409
106 468
106 491
106 520
106 564
106 607
106 612
106 617
106 658
106 686
106 895
106 901
106 922
106 937
107 190
107 209
107 233
107 277
107 345
107 444
107 453
107 486
107 517
107 550
107 645
107 666
107 692
107 695
107 734
107 785
107 922
107 956
107 993
108 152
108 153
108 171
108 176
108 186
108 219
108 223
108 238
108 351
108 442
108 508
108 511
108 518
108 527
108 531
108 595
108 622
108 716
108 727
108 743
108 782
108 816
108 833
108 851
108 871
108 882
108 941
108 974
108 977
109 112
109 219
109 259
109 287
109 300
109 502
109 565
109 600
109 739
109 744
109 753
109 756
109 777
109 922
109 936
109 941
109 942
109 982
109 983
110 123
110 210
110 293
110 337
110 341
110 421
110 472
110 560
110 621
110 632
110 670
110 720
110 748
110 767
110 785
110 921
110 964
110 999
111 124
111 129
111 140
111 174
111 195
111 233
111 260
111 300
111 317
111 453
111 496
111 517
111 663
111 680
111 721
111 748
111 798
111 838
111 847
111 861
111 899
112 158
112 185
112 232
112 275
112 306
112 417
112 458
112 477
112 530
112 572
112 573
112 641
112 685
112 690
112 715
112 832
112 851
112 895
112 900
112 917
112 941
113 236
113 265
113 340
113 379
113 438
113 463
113 493
113 571
113 599
113 629
113 644
113 685
113 692
113 784
113 831
113 982
113 999
114 132
114 156
114 186
114 201
114 218
114 292
114 422
114 530
114 547
114 548
114 577
114 579
114 582
114 626
114 662
114 685
114 706
114 742
114 764
114 803
114 954
114 955
114 958
115 118
115 160
115 284
115 336
115 343
115 467
115 481
115 541
115 627
115 763
115 771
115 829
115 921
115 987
116 128
116 158
116 161
116 164
116 229
116 305
116 397
116 438
116 441
116 542
116 550
116 727
116 751
116 774
116 781
116 816
116 821
116 826
116 879
116 975
116 976
117 121
117 189
117 191
117 197
117 351
117 378
117 409
117 462
117 475
117 509
117 512
117 569
117 614
117 674
117 723
117 788
117 808
117 843
117 847
117 865
117 917
117 923
117 928
118 131
118 138
118 209
118 220
118 231
118 265
118 301
118 309
118 380
118 450
118 539
118 578
118 601
118 663
118 667
118 795
118 815
118 874
118 960
118 968
119 122
119 284
119 285
119 297
119 364
119 478
119 483
119 491
119 509
119 545
119 546
119 561
119 596
119 616
119 622
119 733
119 748
119 770
119 783
119 940
119 950
119 991
120 187
120 203
120 270
120 366
120 376
120 421
120 552
120 625
120 695
120 716
120 740
120 771
120 917
120 931
120 995
121 203
121 204
121 258
121 262
121 263
121 314
121 317
121 333
121 416
121 438
121 446
121 517
121 594
121 607
121 617
121 626
121 739
121 818
121 857
121 906
122 136
122 211
122 316
122 318
122 355
122 402
122 434
122 448
122 527
122 545
122 549
122 566
122 612
122 614
122 644
122 679
122 737
122 747
122 813
122 815
122 817
122 861
122 890
122 939
122 944
123 129
123 146
123 167
123 261
123 298
123 307
123 328
123 531
123 547
123 605
123 633
123 699
123 741
123 822
123 840
123 853
123 882
123 885
123 886
123 889
123 945
123 946
123 948
123 981
123 987
124 176
124 235
124 272
124 288
124 363
124 369
124 386
124 390
124 407
124 571
124 586
124 600
124 657
124 790
124 794
124 824
124 837
124 978
125 390
125 423
125 491
125 621
125 649
125 701
125 748
125 752
125 803
125 834
125 848
125 873
125 937
125 996
126 145
126 161
126 226
126 273
126 294
126 339
126 343
126 354
126 371
126 392
126 397
126 488
126 499
126 513
126 518
126 524
126 602
126 609
126 648
126 705
126 833
126 841
126 858
126 893
126 910
126 940
127 216
127 241
127 318
127 335
127 416
127 454
127 491
127 503
127 542
127 556
127 563
127 580
127 596
127 609
127 661
127 755
127 772
127 842
128 155
128 212
128 219
128 318
128 376
128 468
128 477
128 479
128 517
128 588
128 619
128 662
128 846
128 884
128 928
128 963
129 243
129 345
129 403
129 497
129 499
129 521
129 535
129 605
129 661
129 676
129 695
129 768
129 908
129 922
129 934
129 953
129 966
129 989
130 131
130 144
130 433
130 435
130 442
130 513
130 569
130 669
130 690
130 698
130 734
130 790
130 835
130 846
130 854
130 878
130 895
130 925
130 934
130 946
130 967
131 160
131 179
131 317
131 412
131 434
131 447
131 490
131 530
131 595
131 644
131 702
131 706
131 723
131 760
131 787
131 852
131 866
131 934
132 177
132 179
132 228
132 263
132 266
132 338
132 362
132 406
132 463
132 470
132 485
132 613
132 670
132 689
132 722
132 889
133 330
133 406
133 411
133 417
133 425
133 521
133 553
133 564
133 653
133 663
133 826
133 855
133 865
133 868
133 894
133 896
133 926
133 973
133 975
134 164
134 273
134 305
134 322
134 347
134 348
134 395
134 457
134 524
134 699
134 761
134 774
134 781
134 811
134 886
134 901
134 922
135 367
135 414
135 415
135 483
135 530
135 672
135 732
135 765
135 799
135 833
135 863
135 973
136 180
136 256
136 276
136 312
136 360
136 372
136 414
136 492
136 549
136 553
136 578
136 891
136 896
136 900
136 960
136 972
137 142
137 261
137 353
137 355
137 425
137 471
137 508
137 516
137 564
137 611
137 626
137 735
137 833
137 849
137 952
137 955
138 239
138 276
138 305
138 315
138 332
138 339
138 352
138 383
138 495
138 499
138 539
138 557
138 613
138 647
138 692
138 772
138 831
138 876
139 164
139 186
139 189
139 215
139 242
139 339
139 470
139 508
139 524
139 546
139 548
139 602
139 691
139 760
140 206
140 217
140 233
140 351
140 366
140 432
140 523
140 742
140 794
140 812
140 815
140 917
141 214
141 222
141 241
141 243
141 257
141 265
141 278
141 315
141 354
141 445
141 484
141 499
141 560
141 567
141 592
141 618
141 643
141 655
141 662
141 735
141 748
141 765
141 807
142 150
142 160
142 168
142 206
142 231
142 232
142 253
142 350
142 360
142 454
142 457
142 503
142 562
142 615
142 723
142 740
142 759
142 813
142 831
142 839
142 840
142 946
142 956
143 170
143 175
143 184
143 192
143 245
143 288
143 443
143 482
143 488
143 729
143 789
143 970
144 186
144 222
144 285
144 342
144 404
144 432
144 478
144 490
144 573
144 579
144 588
144 621
144 685
144 687
144 697
144 705
144 722
144 723
144 726
144 739
144 937
145 147
145 161
145 174
145 209
145 220
145 258
145 272
145 276
145 334
145 342
145 372
145 392
145 393
145 434
145 457
145 514
145 526
145 538
145 623
145 682
145 917
145 953
145 977
146 169
146 191
146 197
146 258
146 308
146 311
146 342
146 480
146 548
146 637
146 653
146 682
146 683
146 769
146 809
146 819
146 828
146 865
146 982
147 178
147 189
147 200
147 213
147 300
147 453
147 570
147 618
147 620
147 679
147 687
147 694
147 720
147 729
147 758
147 803
147 811
147 900
147 918
147 928
147 929
147 947
148 157
148 226
148 265
148 281
148 311
148 375
148 453
148 456
148 495
148 529
148 632
148 662
148 699
148 843
148 892
148 908
149 173
149 199
149 202
149 213
149 398
149 428
149 519
149 533
149 570
149 573
149 599
149 624
149 651
149 660
149 667
149 673
149 697
149 775
149 839
149 909
149 934
149 986
150 196
150 202
150 248
150 257
150 324
150 358
150 434
150 512
150 615
150 626
150 758
150 941
150 982
151 266
151 354
151 476
151 630
151 637
151 721
151 761
151 923
151 995
152 348
152 360
152 483
152 572
152 707
152 767
152 777
152 782
152 979
153 200
153 202
153 304
153 367
153 415
153 429
153 431
153 468
153 520
153 533
153 585
153 678
153 697
153 739
153 746
153 867
153 880
153 971
153 979
154 221
154 231
154 277
154 304
154 341
154 397
154 418
154 499
154 500
154 504
154 509
154 565
154 576
154 590
154 671
154 861
154 907
154 992
155 179
155 181
155 229
155 267
155 336
155 351
155 354
155 363
155 498
155 516
155 552
155 590
155 644
155 666
155 757
155 776
155 796
155 827
155 963
155 983
156 191
156 228
156 232
156 251
156 289
156 352
156 358
156 360
156 417
156 422
156 495
156 516
156 613
156 671
156 721
156 743
156 818
156 878
156 887
156 915
156 966
156 982
157 176
157 231
157 259
157 294
157 347
157 352
157 453
157 457
157 481
157 621
157 715
157 770
157 937
157 976
158 189
158 234
158 292
158 362
158 394
158 449
158 510
158 544
158 702
158 744
158 768
158 833
158 874
158 902
158 949
158 951
159 201
159 206
159 215
159 284
159 310
159 334
159 429
159 433
159 455
159 464
159 517
159 578
159 589
159 741
159 749
159 790
159 817
159 866
159 874
159 888
159 895
159 924
159 930
159 932
159 982
160 177
160 246
160 252
160 257
160 281
160 387
160 554
160 640
160 684
160 805
160 808
160 968
160 990
161 218
161 308
161 624
161 644
161 824
161 911
161 939
161 948
162 220
162 265
162 282
162 294
162 391
162 409
162 446
162 472
162 512
162 529
162 573
162 580
162 591
162 730
162 748
162 928
162 934
163 164
163 182
163 196
163 208
163 222
163 277
163 285
163 308
163 312
163 367
163 377
163 385
163 396
163 491
163 526
163 533
163 559
163 593
163 597
163 652
163 700
163 711
163 803
163 840
163 890
163 997
164 234
164 269
164 303
164 320
164 351
164 376
164 408
164 426
164 496
164 504
164 518
164 549
164 655
164 699
164 787
164 828
164 933
164 936
165 207
165 258
165 320
165 321
165 331
165 418
165 455
165 510
165 514
165 531
165 606
165 627
165 645
165 680
165 824
165 843
165 894
166 246
166 329
166 455
166 528
166 716
166 720
166 733
166 873
166 958
166 998
167 170
167 270
167 277
167 332
167 539
167 555
167 607
167 677
167 770
167 779
167 784
167 815
167 904
168 240
168 292
168 352
168 388
168 424
168 456
168 457
168 513
168 542
168 601
168 656
168 672
168 776
168 866
168 966
168 988
168 993
169 172
169 367
169 389
169 445
169 458
169 462
169 468
169 485
169 494
169 515
169 518
169 582
169 669
169 681
169 700
169 780
169 808
169 855
169 863
169 912
169 934
170 212
170 269
170 291
170 293
170 305
170 324
170 413
170 577
170 595
170 603
170 686
170 830
170 835
170 906
170 911
170 941
170 960
171 191
171 196
171 200
171 231
171 352
171 413
171 435
171 448
171 449
171 547
171 611
171 626
171 636
171 666
171 754
171 756
171 795
171 895
171 899
171 918
171 955
172 287
172 309
172 351
172 361
172 520
172 528
172 724
172 731
172 769
172 810
172 909
172 959
172 998
173 194
173 223
173 238
173 253
173 271
173 275
173 279
173 381
173 412
173 413
173 454
173 477
173 491
173 553
173 591
173 608
173 644
173 648
173 662
173 701
173 765
173 770
173 789
173 792
173 797
173 825
173 867
173 882
173 962
174 185
174 222
174 305
174 375
174 396
174 410
174 430
174 511
174 555
174 594
174 708
174 750
174 797
174 883
174 902
174 936
175 201
175 221
175 585
175 639
175 664
175 679
175 706
175 724
175 780
175 798
175 816
175 952
175 977
176 219
176 238
176 269
176 334
176 397
176 409
176 413
176 437
176 474
176 505
176 512
176 533
176 586
176 592
176 693
176 704
176 842
176 993
177 182
177 196
177 358
177 444
177 447
177 469
177 488
177 620
177 702
177 766
177 805
177 846
177 881
177 988
178 209
178 257
178 269
178 318
178 379
178 433
178 493
178 540
178 639
178 717
178 771
178 814
178 834
178 870
179 226
179 260
179 270
179 325
179 337
179 340
179 402
179 489
179 496
179 498
179 526
179 583
179 651
179 765
179 777
179 844
179 878
179 885
179 888
179 906
179 912
179 949
180 185
180 201
180 206
180 302
180 304
180 317
180 392
180 393
180 464
180 469
180 503
180 586
180 599
180 644
180 878
180 900
180 903
180 914
180 926
180 964
180 983
181 309
181 377
181 415
181 457
181 530
181 603
181 636
181 663
181 714
181 741
182 448
182 537
182 543
182 582
182 655
182 813
182 931
182 965
183 250
183 252
183 270
183 324
183 403
183 404
183 484
183 542
183 572
183 591
183 709
183 776
183 910
183 947
183 975
184 185
184 251
184 301
184 316
184 339
184 342
184 371
184 392
184 401
184 474
184 490
184 511
184 517
184 558
184 596
184 673
184 746
184 848
184 934
184 955
184 974
185 211
185 241
185 381
185 542
185 557
185 584
185 626
185 826
185 851
185 890
185 893
186 188
186 227
186 354
186 360
186 371
186 410
186 430
186 438
186 517
186 528
186 555
186 587
186 758
186 759
186 886
186 889
186 982
187 197
187 205
187 273
187 303
187 308
187 342
187 476
187 550
187 551
187 616
187 703
187 798
187 839
187 878
187 912
188 231
188 240
188 331
188 333
188 354
188 356
188 426
188 455
188 478
188 500
188 586
188 592
188 607
188 645
188 712
188 728
188 800
188 880
188 945
189 230
189 301
189 326
189 350
189 358
189 384
189 393
189 504
189 538
189 586
189 615
189 866
189 885
189 897
189 997
190 243
190 258
190 281
190 301
190 311
190 331
190 374
190 487
190 589
190 620
190 628
190 881
190 910
190 927
190 967
191 193
191 348
191 369
191 516
191 617
191 657
191 685
191 689
191 777
191 787
191 842
191 896
191 904
191 971
191 999
192 217
192 223
192 243
192 274
192 275
192 440
192 446
192 463
192 536
192 566
192 588
192 712
192 944
193 194
193 265
193 302
193 364
193 432
193 458
193 465
193 480
193 503
193 513
193 663
193 666
193 722
193 723
193 756
193 773
193 789
193 991
194 197
194 231
194 243
194 296
194 351
194 382
194 398
194 404
194 418
194 453
194 480
194 562
194 583
194 591
194 752
194 758
194 822
194 871
194 915
194 944
194 987
195 226
195 383
195 430
195 805
195 899
195 923
195 932
195 959
195 960
196 237
196 260
196 285
196 310
196 361
196 443
196 464
196 506
196 551
196 580
196 605
196 673
196 757
196 807
196 872
196 890
197 202
197 361
197 380
197 476
197 517
197 631
197 677
197 705
197 726
197 737
197 744
197 777
197 855
197 872
197 904
197 911
198 273
198 279
198 282
198 285
198 400
198 492
198 547
198 601
198 604
198 637
198 652
198 676
198 793
198 978
199 202
199 277
199 290
199 344
199 366
199 405
199 447
199 449
199 502
199 593
199 633
199 647
199 699
199 839
199 900
199 918
199 933
200 214
200 291
200 295
200 301
200 388
200 446
200 512
200 647
200 668
200 673
200 678
200 734
200 761
200 794
200 842
200 852
200 944
201 373
201 376
201 387
201 408
201 496
201 653
201 681
201 772
201 807
201 887
201 917
201 971
201 976
202 221
202 262
202 372
202 373
202 437
202 445
202 613
202 651
202 771
202 892
203 318
203 512
203 517
203 580
203 603
203 618
203 654
203 663
203 860
203 983
203 990
204 228
204 281
204 283
204 291
204 318
204 328
204 616
204 640
204 867
204 896
204 907
204 968
205 261
205 416
205 448
205 673
205 716
205 774
205 802
205 886
205 928
205 983
206 217
206 234
206 309
206 393
206 450
206 459
206 464
206 471
206 522
206 525
206 553
206 557
206 644
206 743
206 748
206 810
206 862
206 885
206 921
206 950
207 222
207 305
207 326
207 327
207 357
207 367
207 426
207 495
207 499
207 525
207 587
207 646
207 659
207 671
207 726
207 853
207 866
207 885
207 906
208 244
208 260
208 369
208 370
208 372
208 373
208 444
208 535
208 585
208 588
208 591
208 704
208 886
209 305
209 418
209 444
209 519
209 547
209 569
209 640
209 857
209 901
209 920
209 994
210 244
210 352
210 397
210 435
210 449
210 502
210 504
210 523
210 606
210 738
210 862
210 863
210 991
211 317
211 463
211 518
211 561
211 650
211 652
211 717
211 724
211 740
211 744
211 748
211 874
212 215
212 231
212 288
212 293
212 316
212 408
212 455
212 520
212 577
212 704
212 717
212 777
212 787
212 889
212 984
213 262
213 269
213 339
213 358
213 497
213 534
213 556
213 568
213 616
213 653
213 721
213 732
213 828
213 854
213 974
214 218
214 220
214 390
214 502
214 510
214 772
214 785
214 796
214 805
214 892
214 900
214 917
214 927
214 950
214 999
215 228
215 322
215 338
215 361
215 363
215 643
215 660
215 682
215 711
215 955
216 256
216 421
216 444
216 521
216 564
216 586
216 664
216 708
216 811
216 899
217 256
217 266
217 301
217 341
217 404
217 460
217 469
217 495
217 511
217 514
217 594
217 640
217 676
217 708
217 845
217 982
218 230
218 290
218 321
218 368
218 506
218 582
218 594
218 661
218 707
218 730
218 862
218 878
218 923
218 983
218 992
219 296
219 298
219 337
219 341
219 406
219 418
219 441
219 458
219 466
219 529
219 548
219 577
219 578
219 655
219 713
219 720
219 828
219 892
219 935
220 231
220 245
220 254
220 255
220 262
220 293
220 400
220 406
220 426
220 527
220 579
220 633
220 635
220 677
220 731
220 962
220 989
221 269
221 480
221 537
221 538
221 710
221 853
221 889
221 898
221 903
221 907
221 920
221 962
222 238
222 285
222 314
222 321
222 455
222 506
222 576
222 633
222 715
222 718
222 795
223 226
223 234
223 295
223 302
223 407
223 453
223 474
223 705
223 710
223 777
223 795
223 835
223 843
223 862
223 868
223 894
223 962
224 254
224 306
224 307
224 414
224 441
224 458
224 477
224 516
224 546
224 565
224 586
224 692
224 702
224 835
224 878
224 882
224 935
224 999
225 270
225 338
225 357
225 536
225 667
225 747
225 794
225 801
225 820
225 850
225 877
226 234
226 237
226 257
226 268
226 350
226 362
226 596
226 601
226 619
226 623
226 790
226 858
226 881
227 363
227 397
227 437
227 450
227 479
227 493
227 508
227 636
227 686
227 855
227 939
227 984
228 255
228 268
228 290
228 292
228 331
228 338
228 348
228 383
228 460
228 517
228 602
228 615
228 656
228 801
228 817
228 891
228 959
229 289
229 302
229 357
229 412
229 428
229 474
229 497
229 562
229 634
229 756
229 860
229 881
229 887
229 968
229 978
230 299
230 315
230 352
230 356
230 407
230 511
230 525
230 657
230 728
230 735
230 843
230 904
230 932
230 952
231 282
231 381
231 387
231 390
231 415
231 583
231 616
231 719
231 778
231 814
231 841
231 910
231 920
231 924
231 955
231 984
231 987
232 306
232 350
232 371
232 497
232 500
232 507
232 537
232 580
232 602
232 627
232 705
232 724
232 756
232 760
232 835
232 970
232 991
233 426
233 470
233 495
233 517
233 580
233 589
233 619
233 645
233 695
233 742
233 772
233 867
233 922
233 935
233 999
234 237
234 335
234 341
234 399
234 425
234 430
234 433
234 457
234 466
234 490
234 546
234 560
234 604
234 705
234 809
234 826
234 842
234 852
234 855
234 876
234 894
234 993
235 250
235 375
235 418
235 465
235 505
235 547
235 702
235 747
235 815
235 867
235 909
236 266
236 289
236 293
236 382
236 402
236 416
236 453
236 491
236 570
236 645
236 661
236 688
236 694
236 753
236 767
236 773
236 793
236 908
236 979
237 259
237 273
237 350
237 378
237 423
237 518
237 533
237 559
237 590
237 671
237 700
237 738
237 741
237 789
237 863
237 864
237 882
237 885
237 915
237 949
237 954
237 959
237 987
238 252
238 305
238 373
238 403
238 412
238 430
238 510
238 523
238 539
238 638
238 645
238 751
238 853
238 990
239 242
239 278
239 285
239 312
239 366
239 382
239 433
239 604
239 644
239 781
239 950
239 991
240 249
240 310
240 377
240 393
240 621
240 663
240 670
240 686
240 770
240 839
240 885
240 909
240 928
240 952
240 963
241 350
241 508
241 548
241 590
241 638
241 644
241 653
241 692
241 767
241 802
241 819
241 829
241 904
241 906
241 949
242 287
242 383
242 419
242 433
242 586
242 685
242 691
242 711
242 744
242 775
242 795
242 920
242 931
242 945
242 991
243 271
243 303
243 339
243 354
243 481
243 505
243 510
243 548
243 669
243 857
244 301
244 342
244 382
244 498
244 588
244 645
244 708
244 769
244 848
244 925
245 268
245 273
245 294
245 328
245 375
245 392
245 433
245 500
245 520
245 521
245 553
245 580
245 685
245 710
245 739
245 743
245 797
245 811
245 837
246 266
246 286
246 302
246 314
246 318
246 328
246 391
246 418
246 419
246 429
246 431
246 462
246 510
246 575
246 601
246 624
246 634
246 641
246 659
246 685
246 697
246 715
246 717
246 807
246 817
246 847
246 917
246 967
247 260
247 313
247 358
247 445
247 453
247 523
247 538
247 599
247 684
247 696
247 795
247 799
247 910
247 947
247 953
247 975
248 256
248 268
248 271
248 313
248 436
248 494
248 529
248 565
248 569
248 634
248 661
248 682
248 693
248 740
248 764
248 801
248 931
248 978
249 255
249 332
249 354
249 394
249 438
249 497
249 592
249 651
249 690
249 803
249 838
249 885
249 913
249 970
249 997
250 340
250 416
250 584
250 697
250 714
250 748
250 831
250 897
250 916
250 947
250 996
251 261
251 281
251 294
251 359
251 413
251 500
251 522
251 584
251 614
251 642
251 659
251 669
251 706
251 727
251 898
251 924
252 309
252 418
252 420
252 598
252 602
252 688
252 691
252 715
252 739
252 765
252 779
252 843
253 269
253 376
253 396
253 532
253 541
253 574
253 599
253 650
253 676
253 696
253 765
253 768
253 785
253 917
253 924
253 938
253 940
254 271
254 362
254 385
254 439
254 455
254 466
254 470
254 516
254 536
254 552
254 596
254 603
254 653
254 669
254 674
254 750
254 836
254 962
255 274
255 313
255 332
255 407
255 551
255 554
255 610
255 684
255 696
255 703
255 836
255 848
255 874
255 990
256 293
256 295
256 303
256 340
256 376
256 455
256 518
256 593
256 595
256 611
256 717
256 748
256 800
256 825
256 884
256 925
257 270
257 313
257 386
257 501
257 509
257 588
257 754
257 761
257 768
257 793
257 843
257 869
258 342
258 353
258 396
258 450
258 462
258 504
258 524
258 564
258 603
258 638
258 691
258 716
258 735
258 786
258 856
258 872
258 947
259 299
259 423
259 449
259 532
259 687
259 725
259 823
259 905
259 916
259 997
260 386
260 456
260 459
260 470
260 474
260 553
260 554
260 593
260 605
260 634
260 685
260 736
260 746
260 767
260 793
260 830
260 867
260 882
260 929
260 941
260 998
261 284
261 306
261 317
261 603
261 737
261 743
261 796
261 822
261 885
261 898
262 278
262 303
262 345
262 373
262 416
262 419
262 438
262 484
262 503
262 651
262 670
262 729
262 766
263 295
263 406
263 456
263 519
263 682
263 763
263 785
263 851
263 894
263 971
263 998
264 331
264 414
264 431
264 561
264 566
264 678
264 730
264 731
264 834
264 947
264 999
265 268
265 381
265 388
265 438
265 537
265 586
265 616
265 623
265 626
265 801
265 860
265 867
265 885
265 931
265 944
265 977
266 268
266 269
266 319
266 332
266 403
266 426
266 482
266 530
266 532
266 538
266 540
266 554
266 567
266 635
266 754
266 795
266 837
266 873
266 899
266 915
266 928
266 936
266 963
266 973
266 983
267 310
267 336
267 362
267 376
267 463
267 465
267 501
267 525
267 567
267 642
267 695
267 704
267 753
267 759
267 771
267 786
267 890
267 906
268 350
268 396
268 443
268 510
268 543
268 565
268 583
268 607
268 637
268 645
268 735
268 767
268 798
268 805
268 851
268 895
268 960
268 982
268 993
269 291
269 331
269 334
269 389
269 390
269 731
269 770
269 855
269 872
269 901
269 940
269 949
269 959
270 322
270 357
270 572
270 620
270 801
270 810
270 902
270 904
270 925
271 276
271 323
271 363
271 374
271 398
271 431
271 495
271 507
271 525
271 541
271 591
271 658
271 662
271 684
271 762
271 901
271 930
272 386
272 432
272 502
272 552
272 581
272 590
272 655
272 657
272 693
272 695
272 750
272 772
272 786
272 796
272 859
272 870
272 891
272 967
272 996
273 305
273 381
273 404
273 485
273 541
273 585
273 587
273 604
273 670
273 764
273 770
273 779
274 277
274 370
274 390
274 417
274 458
274 472
274 475
274 516
274 520
274 598
274 605
274 626
274 662
274 673
274 792
274 809
274 918
274 980
274 988
274 990
275 353
275 373
275 494
275 519
275 579
275 591
275 612
275 633
275 636
275 641
275 763
275 776
275 806
275 925
276 288
276 323
276 345
276 412
276 506
276 607
276 614
276 652
276 692
276 701
276 750
276 941
277 351
277 395
277 478
277 488
277 498
277 503
277 549
277 578
277 625
277 736
277 772
277 907
277 932
277 935
277 939
277 976
278 331
278 376
278 429
278 491
278 563
278 614
278 638
278 706
278 740
278 783
278 791
278 953
279 280
279 286
279 377
279 444
279 454
279 567
279 634
279 664
279 692
279 718
279 744
279 775
279 832
279 836
279 888
279 908
279 917
279 940
279 945
279 992
279 998
280 318
280 321
280 365
280 377
280 415
280 496
280 517
280 540
280 703
280 753
280 869
280 953
280 993
280 997
281 335
281 347
281 363
281 430
281 504
281 533
281 558
281 566
281 624
281 651
281 656
281 669
281 701
281 707
281 718
281 794
281 846
281 854
281 857
281 860
281 961
281 990
281 998
282 315
282 349
282 401
282 461
282 508
282 545
282 566
282 652
282 656
282 722
282 778
282 796
282 816
282 820
282 891
282 902
282 938
282 958
282 967
282 970
283 357
283 367
283 397
283 469
283 517
283 558
283 613
283 668
283 798
283 826
283 937
283 955
283 983
284 343
284 389
284 413
284 414
284 513
284 562
284 598
284 617
284 623
284 653
284 697
284 711
284 753
284 780
284 795
284 806
284 866
284 936
285 286
285 297
285 318
285 527
285 623
285 624
285 803
285 827
285 859
285 907
285 966
286 288
286 296
286 342
286 415
286 458
286 460
286 504
286 510
286 538
286 544
286 548
286 570
286 673
286 723
286 759
286 796
286 822
286 839
286 845
286 914
286 959
286 981
287 309
287 469
287 565
287 609
287 612
287 630
287 686
287 696
287 714
287 754
287 856
287 902
287 943
288 343
288 468
288 579
288 616
288 671
288 678
288 711
288 716
288 748
288 788
288 904
288 955
288 965
289 304
289 352
289 442
289 453
289 498
289 608
289 641
289 703
289 756
289 773
289 808
289 821
289 864
289 916
290 317
290 324
290 350
290 370
290 380
290 413
290 454
290 522
290 538
290 543
290 606
290 631
290 742
290 815
290 865
290 880
290 889
291 385
291 412
291 475
291 500
291 561
291 618
291 737
291 777
291 796
291 839
291 856
291 966
291 967
292 351
292 411
292 518
292 582
292 717
292 730
292 738
292 790
292 823
292 840
292 877
292 903
292 914
292 989
292 990
293 406
293 418
293 435
293 539
293 649
293 784
293 799
293 803
293 814
293 847
293 986
294 295
294 343
294 364
294 422
294 441
294 453
294 469
294 479
294 541
294 662
294 706
294 726
294 767
294 773
294 775
294 781
294 921
294 986
294 988
295 323
295 344
295 352
295 371
295 422
295 579
295 669
295 716
295 787
295 826
295 885
295 902
295 910
296 456
296 462
296 542
296 559
296 626
296 710
296 728
296 772
297 301
297 316
297 324
297 327
297 358
297 474
297 545
297 593
297 622
297 717
297 725
297 770
297 809
297 818
297 834
297 854
297 861
297 962
298 430
298 489
298 493
298 517
298 528
298 570
298 588
298 689
298 698
298 708
298 738
298 831
298 983
299 302
299 389
299 565
299 669
299 679
299 686
299 696
299 719
299 743
299 871
299 934
299 970
300 379
300 393
300 397
300 406
300 444
300 516
300 521
300 534
300 572
300 592
300 625
300 680
300 681
300 685
300 712
300 714
300 723
300 732
300 894
300 924
301 406
301 550
301 587
301 670
301 674
301 694
301 704
301 777
301 929
301 943
301 954
301 971
302 345
302 359
302 366
302 371
302 469
302 470
302 543
302 749
302 760
302 876
302 896
302 920
302 947
302 994
303 328
303 352
303 374
303 382
303 471
303 603
303 691
303 701
303 719
303 754
303 932
304 452
304 469
304 515
304 517
304 521
304 562
304 605
304 610
304 730
304 765
304 846
304 853
304 863
304 899
304 922
304 959
305 325
305 398
305 405
305 409
305 411
305 416
305 449
305 450
305 510
305 755
305 760
305 885
305 892
305 935
305 946
306 408
306 448
306 468
306 483
306 497
306 522
306 523
306 527
306 602
306 616
306 634
306 667
306 690
306 724
306 803
306 849
306 908
306 948
306 961
307 412
307 474
307 507
307 512
307 544
307 545
307 575
307 664
307 688
307 735
307 799
307 846
307 892
307 953
308 433
308 453
308 457
308 545
308 571
308 576
308 598
308 602
308 698
308 753
308 851
308 870
308 883
308 896
308 912
308 916
308 957
308 966
308 976
308 981
308 992
309 421
309 465
309 482
309 484
309 583
309 665
309 725
309 728
309 742
309 787
309 796
309 818
309 867
309 870
309 931
309 940
309 979
310 375
310 422
310 433
310 632
310 657
310 675
310 684
310 756
310 760
310 772
310 780
310 811
310 862
310 873
310 885
310 905
310 913
310 942
311 317
311 359
311 509
311 516
311 531
311 550
311 607
311 644
311 744
311 812
311 833
311 867
312 315
312 407
312 431
312 436
312 439
312 452
312 482
312 539
312 635
312 682
312 693
312 710
312 807
312 823
312 837
312 853
312 943
312 953
312 990
313 345
313 357
313 368
313 400
313 436
313 463
313 501
313 553
313 591
313 595
313 651
313 705
313 721
313 749
313 795
313 820
313 858
313 916
313 980
314 336
314 426
314 497
314 503
314 527
314 624
314 659
314 669
314 898
314 965
314 975
315 325
315 350
315 388
315 393
315 458
315 588
315 679
315 706
315 732
315 812
315 840
315 882
315 888
315 916
315 946
316 319
316 333
316 375
316 452
316 487
316 506
316 543
316 589
316 720
316 730
316 767
316 833
316 839
316 921
317 359
317 385
317 575
317 596
317 643
317 697
317 755
317 780
317 820
317 846
318 330
318 351
318 368
318 510
318 557
318 629
318 712
318 796
318 799
318 855
318 868
318 895
318 898
318 924
318 950
318 995
319 415
319 418
319 463
319 513
319 523
319 538
319 560
319 631
319 687
319 688
319 789
319 810
319 873
319 954
319 959
319 976
320 437
320 533
320 570
320 640
320 641
320 670
320 694
320 708
320 754
320 757
320 763
320 778
320 821
320 857
320 914
320 963
320 988
321 371
321 454
321 484
321 615
321 626
321 636
321 661
321 670
321 694
321 714
321 740
321 751
321 783
321 837
321 866
321 885
321 919
321 942
321 952
321 978
322 332
322 396
322 399
322 504
322 630
322 673
322 679
322 688
322 746
322 769
322 789
322 837
322 850
322 860
322 872
322 957
322 984
323 358
323 374
323 391
323 429
323 553
323 558
323 603
323 638
323 671
323 672
323 770
323 812
323 945
323 979
324 399
324 411
324 450
324 451
324 479
324 584
324 620
324 646
324 661
324 675
324 687
324 720
324 767
324 806
324 836
324 894
325 381
325 395
325 471
325 484
325 690
325 719
325 961
325 968
325 978
326 398
326 446
326 464
326 493
326 527
326 545
326 597
326 598
326 653
326 693
326 700
326 705
326 765
326 865
326 893
326 975
326 996
327 470
327 508
327 510
327 592
327 603
327 606
327 779
327 836
327 889
327 937
327 982
328 408
328 432
328 453
328 547
328 566
328 622
328 697
328 698
328 748
328 754
328 796
328 807
328 979
329 445
329 576
329 662
329 732
329 772
329 822
329 833
329 841
329 853
329 872
330 372
330 387
330 433
330 476
330 489
330 501
330 536
330 571
330 591
330 632
330 702
330 755
330 802
330 875
330 936
330 983
331 400
331 493
331 513
331 546
331 575
331 586
331 635
331 660
331 699
331 799
331 875
331 880
331 945
331 961
331 981
332 377
332 382
332 426
332 559
332 576
332 718
332 720
332 761
332 790
332 906
332 953
332 962
333 392
333 393
333 440
333 531
333 571
333 616
333 643
333 657
333 693
333 706
333 748
333 789
333 911
333 982
334 356
334 374
334 439
334 674
334 722
334 762
334 798
334 804
334 873
334 967
334 978
334 985
334 988
334 993
335 354
335 386
335 397
335 439
335 469
335 591
335 616
335 662
335 670
335 674
335 687
335 812
335 850
335 964
336 361
336 462
336 496
336 570
336 594
336 658
336 706
336 831
336 854
336 905
336 925
336 942
336 987
337 471
337 472
337 582
337 608
337 628
337 749
337 781
337 789
337 913
337 976
337 985
338 449
338 454
338 480
338 488
338 515
338 524
338 532
338 650
338 741
338 755
338 786
338 805
338 912
338 939
338 954
339 455
339 497
339 596
339 665
339 691
339 692
339 714
339 734
339 787
339 803
339 806
339 820
339 872
339 886
339 943
340 353
340 365
340 412
340 461
340 469
340 503
340 504
340 518
340 522
340 524
340 544
340 639
340 667
340 675
340 712
340 782
340 797
340 841
340 914
340 940
340 947
340 950
341 381
341 401
341 524
341 548
341 567
341 650
341 674
341 688
341 731
341 747
341 804
341 808
341 897
341 905
341 910
341 941
341 958
341 987
341 989
342 391
342 419
342 548
342 573
342 636
342 719
342 889
342 903
342 937
342 970
342 995
343 349
343 492
343 566
343 567
343 672
343 690
343 750
343 901
343 917
343 925
344 347
344 389
344 476
344 571
344 577
344 623
344 650
344 681
344 683
344 719
344 831
344 864
344 907
345 351
345 363
345 437
345 458
345 516
345 639
345 644
345 691
345 732
345 793
345 868
345 874
345 925
345 997
346 384
346 465
346 599
346 620
346 705
346 721
346 731
346 746
346 751
346 756
346 935
347 393
347 434
347 437
347 480
347 489
347 558
347 571
347 596
347 615
347 704
347 840
347 896
347 937
347 947
348 349
348 606
348 611
348 632
348 689
348 710
348 736
348 744
348 762
348 790
348 866
348 902
349 411
349 466
349 474
349 484
349 513
349 575
349 592
349 611
349 634
349 721
349 744
349 757
349 759
349 775
349 830
349 849
349 882
349 898
350 359
350 365
350 378
350 399
350 424
350 612
350 644
350 657
350 675
350 720
350 763
350 845
350 874
350 891
350 954
351 381
351 419
351 421
351 452
351 460
351 464
351 489
351 491
351 648
351 752
351 767
351 808
351 825
351 864
351 977
352 380
352 435
352 466
352 502
352 533
352 554
352 593
352 595
352 604
352 657
352 705
352 786
352 807
352 809
352 814
352 908
352 990
353 389
353 649
353 777
353 782
353 789
353 790
353 941
353 987
354 357
354 483
354 487
354 537
354 545
354 654
354 665
354 788
354 792
354 854
354 861
354 914
355 399
355 445
355 569
355 649
355 700
355 711
355 712
355 803
355 856
355 921
355 947
355 959
356 396
356 474
356 494
356 504
356 541
356 614
356 631
356 698
356 706
356 773
356 809
356 829
356 863
356 885
357 403
357 513
357 527
357 537
357 592
357 661
357 784
357 870
357 969
357 999
358 412
358 415
358 481
358 506
358 659
358 666
358 775
358 882
358 915
358 967
359 459
359 476
359 571
359 583
359 617
359 670
359 716
359 725
360 367
360 419
360 484
360 515
360 578
360 609
360 631
360 632
360 666
360 732
360 733
360 748
361 425
361 436
361 441
361 457
361 475
361 489
361 499
361 524
361 526
361 580
361 621
361 748
361 777
361 779
361 780
361 790
361 791
361 808
361 820
361 850
361 902
361 932
361 992
362 513
362 520
362 581
362 613
362 617
362 703
362 705
362 752
362 947
363 392
363 398
363 428
363 433
363 466
363 472
363 520
363 524
363 648
363 657
363 668
363 683
363 693
363 701
363 747
363 938
363 944
364 416
364 425
364 452
364 558
364 611
364 642
364 668
364 723
364 746
364 909
365 368
365 447
365 491
365 551
365 566
365 660
365 697
365 769
365 970
366 381
366 389
366 449
366 465
366 470
366 478
366 483
366 529
366 549
366 566
366 570
366 648
366 657
366 678
366 725
366 746
366 899
367 492
367 510
367 532
367 589
367 741
367 759
367 771
367 782
367 784
367 840
367 857
367 876
367 890
367 946
367 950
367 954
367 976
367 983
368 377
368 423
368 519
368 573
368 603
368 618
368 631
368 723
368 769
368 785
368 820
368 927
369 382
369 405
369 415
369 429
369 437
369 461
369 485
369 509
369 538
369 686
369 687
369 734
369 852
369 853
369 859
369 863
369 895
369 896
369 901
369 941
369 960
370 399
370 521
370 547
370 568
370 648
370 654
370 665
370 790
370 805
370 810
370 856
370 898
370 910
370 940
370 962
370 984
371 375
371 466
371 495
371 523
371 533
371 545
371 558
371 566
371 576
371 580
371 636
371 677
371 774
371 801
371 852
371 889
372 401
372 481
372 535
372 540
372 576
372 773
372 899
373 386
373 464
373 472
373 512
373 614
373 628
373 695
373 735
373 852
373 854
373 893
373 965
374 390
374 428
374 435
374 465
374 503
374 510
374 517
374 525
374 589
374 593
374 675
374 684
374 699
374 729
374 766
374 963
374 982
375 408
375 415
375 416
375 458
375 479
375 591
375 613
375 641
375 718
375 820
375 977
376 424
376 441
376 475
376 491
376 673
376 685
376 712
376 783
376 890
376 929
376 994
377 391
377 420
377 463
377 470
377 486
377 537
377 697
377 701
377 831
377 907
377 981
378 457
378 470
378 491
378 557
378 560
378 629
378 684
378 758
378 808
378 895
378 944
379 389
379 403
379 566
379 622
379 652
379 681
379 756
379 786
379 815
379 836
379 840
379 842
379 856
379 920
379 956
379 979
380 473
380 520
380 594
380 635
380 696
380 711
380 786
380 788
380 812
380 820
380 846
380 869
380 883
380 932
380 962
381 425
381 491
381 501
381 533
381 538
381 580
381 702
381 793
381 804
381 826
381 834
381 842
381 860
381 877
381 884
381 999
382 399
382 462
382 471
382 504
382 569
382 584
382 597
382 610
382 685
382 733
382 745
382 752
382 810
382 817
382 836
382 846
382 848
383 389
383 437
383 455
383 478
383 527
383 543
383 576
383 580
383 600
383 617
383 638
383 711
383 716
383 751
383 803
383 853
383 922
383 932
383 943
383 951
383 976
384 393
384 511
384 541
384 612
384 629
384 663
384 675
384 724
384 747
384 771
384 822
384 855
384 880
384 937
384 994
385 422
385 456
385 582
385 599
385 682
385 684
385 692
385 715
385 736
385 755
385 878
385 901
385 939
385 979
386 509
386 540
386 549
386 564
386 583
386 626
386 683
386 859
386 922
386 933
386 970
386 979
387 425
387 494
387 498
387 532
387 555
387 703
387 754
387 897
387 905
387 934
388 395
388 422
388 445
388 448
388 567
388 588
388 603
388 646
388 668
388 795
388 839
388 919
388 951
388 967
388 981
389 435
389 463
389 519
389 559
389 567
389 590
389 605
389 607
389 612
389 833
389 963
389 984
390 451
390 485
390 544
390 571
390 619
390 652
390 824
390 827
390 905
390 908
390 920
390 954
390 966
390 977
391 477
391 512
391 597
391 709
391 720
391 783
391 901
391 965
392 502
392 608
392 687
392 700
392 742
392 764
392 787
392 805
392 808
392 858
392 871
392 971
393 397
393 469
393 503
393 589
393 590
393 855
393 890
393 988
394 434
394 538
394 564
394 665
394 695
394 699
394 755
394 795
394 903
394 998
395 443
395 463
395 470
395 641
395 735
395 766
395 831
395 836
395 897
395 911
396 617
396 681
396 784
396 793
396 796
396 977
396 986
397 421
397 428
397 446
397 517
397 542
397 566
397 627
397 715
397 737
397 770
397 810
397 857
397 862
397 876
397 914
397 928
397 929
397 965
397 973
397 981
398 442
398 550
398 675
398 734
398 889
398 925
398 929
398 932
399 469
399 569
399 632
399 767
399 832
400 432
400 434
400 495
400 548
400 582
400 595
400 822
400 909
400 945
401 402
401 405
401 423
401 437
401 475
401 483
401 521
401 645
401 687
401 696
401 716
401 765
401 770
401 797
401 801
401 878
401 963
401 986
401 993
402 467
402 468
402 633
402 715
402 787
402 940
403 429
403 519
403 624
403 676
403 869
403 916
404 470
404 514
404 582
404 688
404 695
404 784
404 901
404 935
404 988
405 458
405 494
405 531
405 604
405 690
405 726
405 922
405 948
405 990
405 996
406 411
406 420
406 509
406 532
406 542
406 609
406 663
406 774
406 825
406 909
406 981
407 426
407 473
407 579
407 634
407 671
407 691
407 715
407 730
407 828
407 973
408 427
408 473
408 490
408 495
408 546
408 558
408 565
408 600
408 627
408 631
408 637
408 646
408 726
408 729
408 756
408 780
408 827
408 860
408 996
409 438
409 529
409 542
409 691
409 739
409 778
409 790
409 798
409 917
409 956
409 962
409 973
410 428
410 430
410 552
410 650
410 722
410 812
410 867
410 898
410 906
410 934
410 982
410 988
410 996
411 413
411 556
411 580
411 595
411 622
411 645
411 757
411 761
411 798
411 813
411 895
412 455
412 474
412 477
412 522
412 531
412 565
412 568
412 590
412 660
412 756
412 786
412 841
412 893
413 525
413 672
413 737
413 749
413 758
413 801
413 856
413 950
413 990
413 999
414 459
414 496
414 552
414 582
414 619
414 627
414 639
414 660
414 674
414 798
414 834
414 932
414 933
415 433
415 478
415 508
415 520
415 530
415 623
415 646
415 667
415 684
415 692
415 885
415 886
415 932
415 949
416 420
416 422
416 443
416 553
416 592
416 611
416 700
416 759
416 771
416 789
416 802
416 824
416 840
416 899
416 901
416 910
416 913
416 951
416 981
417 431
417 438
417 440
417 470
417 534
417 595
417 602
417 660
417 710
417 765
417 786
417 807
417 877
417 892
417 930
418 419
418 432
418 441
418 511
418 516
418 521
418 528
418 555
418 608
418 651
418 660
418 717
418 723
418 803
418 945
418 978
418 994
419 427
419 543
419 629
419 700
419 708
419 747
419 790
419 791
419 896
420 428
420 477
420 492
420 501
420 528
420 650
420 662
420 714
420 756
420 759
420 768
420 776
420 786
420 804
420 907
420 934
420 976
421 479
421 515
421 525
421 665
421 820
421 837
421 902
421 982
421 989
421 996
422 460
422 462
422 475
422 555
422 573
422 722
422 903
423 473
423 559
423 561
423 593
423 634
423 722
423 728
423 790
423 844
423 893
423 925
424 455
424 485
424 487
424 608
424 620
424 675
424 701
424 711
424 722
424 744
424 759
424 769
424 817
424 855
424 897
425 460
425 589
425 622
425 649
425 650
425 664
425 711
425 732
425 733
425 764
425 796
425 798
425 849
425 899
425 905
425 977
426 482
426 509
426 585
426 628
426 630
426 631
426 738
426 827
426 919
427 452
427 475
427 486
427 585
427 590
427 668
427 701
427 732
427 744
427 762
427 787
427 800
427 854
427 959
427 978
428 436
428 597
428 599
428 680
428 765
428 949
428 982
429 465
429 549
429 589
429 677
429 804
429 880
429 923
429 979
430 485
430 491
430 505
430 508
430 562
430 641
430 680
430 700
430 703
430 711
430 745
430 839
430 893
431 435
431 456
431 486
431 516
431 517
431 543
431 555
431 582
431 591
431 593
431 653
431 682
431 683
431 737
431 757
431 864
431 881
431 926
431 944
432 508
432 512
432 522
432 633
432 676
432 746
432 753
432 766
432 783
432 788
432 902
432 932
432 987
433 478
433 543
433 568
433 617
433 662
433 707
433 734
433 781
433 924
433 944
433 986
434 441
434 460
434 612
434 640
434 697
434 768
434 821
434 905
434 980
435 506
435 531
435 614
435 689
435 714
435 807
435 844
435 861
435 862
435 885
435 950
435 984
436 529
436 618
436 620
436 687
436 768
436 796
436 832
436 841
436 868
436 982
437 468
437 497
437 517
437 538
437 543
437 555
437 570
437 654
437 697
437 771
437 803
437 812
437 831
437 866
437 873
437 905
437 990
438 484
438 489
438 504
438 522
438 621
438 630
438 663
438 750
438 788
438 872
438 903
438 928
439 460
439 548
439 563
439 602
439 721
439 758
439 785
439 958
439 964
439 972
440 462
440 526
440 600
440 615
440 743
440 771
440 898
440 915
440 991
441 543
441 556
441 611
441 751
441 934
442 672
442 681
442 696
442 697
442 727
442 737
442 739
442 858
442 883
443 554
443 703
443 754
443 801
443 852
443 853
443 966
444 487
444 604
444 766
444 771
444 815
444 851
444 865
444 884
444 887
444 991
445 572
445 606
445 612
445 627
445 653
445 776
445 780
445 838
445 848
445 911
445 983
446 606
446 651
446 655
446 656
446 697
446 922
446 936
446 946
447 462
447 474
447 504
447 524
447 527
447 582
447 729
447 771
447 793
447 807
447 830
447 899
447 922
447 975
448 518
448 525
448 527
448 544
448 566
448 653
448 684
448 702
448 740
448 762
448 765
448 795
448 804
448 872
449 616
449 629
449 720
449 745
449 807
449 817
449 821
449 826
449 829
449 878
449 887
449 938
449 969
450 480
450 496
450 521
450 559
450 604
450 607
450 629
450 731
450 748
450 895
450 989
451 531
451 559
451 560
451 583
451 647
451 668
451 687
451 711
451 723
451 770
451 771
451 783
451 853
451 859
451 864
451 866
451 886
451 989
452 564
452 567
452 823
452 853
452 875
452 884
452 891
452 905
452 907
453 484
453 524
453 609
453 695
453 736
453 772
453 818
453 902
454 483
454 500
454 521
454 724
454 750
454 755
454 824
454 852
454 906
454 920
454 939
454 979
455 520
455 521
455 527
455 528
455 633
455 642
455 646
455 701
455 762
455 794
455 836
455 854
455 865
455 866
455 880
455 904
455 915
455 986
456 521
456 585
456 588
456 644
456 802
456 834
456 845
456 860
456 907
456 942
456 965
456 988
457 464
457 465
457 506
457 528
457 628
457 708
457 791
457 857
457 899
457 947
457 959
458 522
458 562
458 625
458 717
458 830
458 868
458 935
459 555
459 559
459 577
459 592
459 625
459 740
459 753
459 781
459 805
459 828
459 947
459 952
459 968
459 972
459 994
460 503
460 527
460 540
460 624
460 766
460 853
461 470
461 510
461 564
461 641
461 724
461 762
461 784
461 911
461 994
462 531
462 547
462 555
462 558
462 585
462 645
462 673
462 695
462 770
462 842
462 917
462 951
463 475
463 500
463 503
463 534
463 669
463 762
463 780
463 810
463 823
463 834
463 860
464 513
464 618
464 648
464 659
464 681
464 717
464 767
464 775
464 814
464 823
464 902
464 924
464 934
464 949
464 951
464 975
465 486
465 522
465 546
465 569
465 679
465 713
465 723
465 799
465 847
465 864
465 883
465 902
465 956
466 475
466 512
466 531
466 558
466 663
466 724
466 731
466 738
466 881
466 891
466 899
466 915
466 982
467 474
467 482
467 499
467 521
467 530
467 555
467 586
467 589
467 618
467 648
467 660
467 663
467 674
467 707
467 755
467 791
467 851
468 482
468 493
468 618
468 663
468 685
468 752
468 801
468 877
468 881
468 964
468 976
469 503
469 518
469 541
469 546
469 561
469 613
469 694
469 783
469 784
469 888
469 903
469 943
469 949
469 996
470 483
470 527
470 594
470 604
470 660
470 832
470 869
470 996
471 489
471 514
471 539
471 567
471 580
471 595
471 610
471 631
471 635
471 690
471 716
471 830
471 861
471 884
471 951
471 969
471 984
472 522
472 529
472 577
472 580
472 583
472 595
472 597
472 602
472 622
472 769
472 823
472 997
473 498
473 516
473 661
473 679
473 682
473 694
473 722
473 740
473 771
473 795
473 801
473 804
473 913
473 915
474 480
474 562
474 639
474 653
474 659
474 797
474 911
475 492
475 525
475 526
475 589
475 595
475 596
475 640
475 718
475 832
475 867
475 937
475 980
476 490
476 525
476 550
476 753
476 768
476 788
476 912
476 914
477 515
477 518
477 536
477 545
477 557
477 609
477 616
477 647
477 669
477 695
477 714
477 727
477 760
477 777
477 780
477 950
477 996
477 998
478 508
478 619
478 690
478 695
478 698
478 727
478 857
478 980
479 520
479 560
479 597
479 627
479 663
479 674
479 699
479 715
479 828
479 877
479 950
480 510
480 513
480 514
480 530
480 579
480 603
480 610
480 659
480 813
480 865
481 528
481 532
481 673
481 705
481 735
481 756
481 841
481 884
481 895
481 946
481 977
482 516
482 527
482 628
482 660
482 772
482 803
482 847
482 915
482 971
483 510
483 548
483 576
483 687
483 762
483 834
483 877
483 884
483 888
483 916
483 927
483 953
483 961
483 969
483 987
484 517
484 578
484 598
484 601
484 719
484 779
484 794
484 833
484 836
484 996
485 520
485 613
485 619
485 634
485 724
485 738
485 811
485 841
485 958
486 493
486 515
486 699
486 710
486 715
486 778
486 896
487 506
487 512
487 517
487 532
487 552
487 607
487 647
487 675
487 702
487 736
487 755
487 770
487 776
487 910
487 914
487 932
487 969
487 970
487 989
488 525
488 531
488 567
488 570
488 646
488 678
488 773
488 815
488 929
488 942
489 491
489 499
489 529
489 535
489 595
489 598
489 683
489 689
489 713
489 764
489 773
489 815
489 840
489 844
489 856
489 863
489 936
489 952
489 958
489 993
490 500
490 503
490 515
490 517
490 525
490 539
490 580
490 609
490 621
490 635
490 651
490 679
490 686
490 700
490 735
490 745
490 832
490 837
490 873
490 916
490 965
491 535
491 539
491 583
491 614
491 637
491 664
491 754
491 826
491 847
491 959
491 994
492 510
492 578
492 614
492 616
492 629
492 691
492 784
492 840
492 847
492 903
492 945
492 953
492 964
492 989
492 994
493 517
493 744
493 910
493 972
494 527
494 544
494 818
494 986
494 987
494 996
495 568
495 573
495 593
495 627
495 628
495 684
495 750
495 755
495 851
495 852
495 953
496 507
496 567
496 625
496 733
496 761
496 769
496 895
496 931
496 985
497 562
497 573
497 595
497 639
497 808
497 819
497 888
497 914
498 597
498 811
498 911
498 926
498 956
499 517
499 526
499 538
499 543
499 587
499 589
499 621
499 698
499 725
499 834
499 852
499 855
499 911
499 919
499 939
499 993
500 577
500 636
500 696
500 743
500 785
500 890
500 974
501 523
501 637
501 706
501 923
502 507
502 710
502 713
502 776
502 849
502 901
502 987
502 994
503 625
503 676
503 749
503 757
503 799
503 805
503 842
503 972
503 992
504 555
504 753
504 761
504 774
504 793
504 912
505 586
505 598
505 600
505 636
505 661
505 706
505 930
505 935
505 988
506 529
506 571
506 643
506 727
506 731
506 854
506 873
506 935
506 942
507 537
507 556
507 593
507 623
507 702
507 727
507 758
507 767
507 781
507 832
507 855
508 521
508 682
508 739
508 846
508 852
508 862
508 888
508 902
508 908
508 951
508 952
508 971
509 530
509 607
509 726
509 741
509 753
509 778
509 814
510 647
510 736
510 786
510 807
510 826
510 894
510 923
510 989
511 538
511 652
511 700
511 730
511 763
511 793
511 858
511 927
511 937
512 605
512 607
512 646
512 661
512 712
512 747
512 753
513 529
513 532
513 541
513 544
513 691
513 722
513 727
513 988
514 537
514 589
514 620
514 648
514 679
514 684
514 730
514 754
514 781
514 903
514 951
514 958
514 970
514 980
515 546
515 560
515 608
515 614
515 636
515 696
515 708
515 778
515 830
515 833
515 838
515 843
515 950
516 622
516 627
516 744
516 830
516 891
516 897
516 981
517 679
517 705
517 717
517 724
517 774
517 858
517 933
517 973
517 975
517 991
517 994
518 563
518 584
518 599
518 603
518 648
518 756
518 801
518 880
519 566
519 591
519 713
519 754
519 795
520 536
520 570
520 631
520 652
520 741
520 756
520 777
520 820
520 839
520 875
520 887
520 938
520 974
521 642
521 687
521 711
521 742
521 756
521 905
521 945
521 975
522 629
522 690
522 712
522 783
522 798
522 825
522 834
522 860
522 972
523 532
523 573
523 700
523 818
523 835
523 845
523 876
524 542
524 697
524 702
524 799
524 965
525 574
525 715
525 766
525 777
525 828
525 885
525 907
526 585
526 586
526 605
526 607
526 618
526 650
526 684
526 771
526 780
526 807
526 906
526 910
526 932
526 954
526 972
527 533
527 645
527 653
527 692
527 754
527 758
527 763
527 808
527 965
527 997
528 546
528 576
528 653
528 667
528 716
528 815
528 832
528 936
528 960
529 596
529 688
529 773
529 816
529 870
529 923
529 973
530 579
530 761
530 772
530 779
530 933
530 934
530 955
530 987
531 536
531 564
531 645
531 661
531 685
531 784
531 805
531 806
531 949
532 569
532 630
532 673
532 705
532 785
532 821
532 823
533 639
533 652
533 768
533 861
534 567
534 618
534 684
534 770
534 796
534 799
534 811
534 918
534 943
534 974
535 582
535 628
535 649
535 657
535 788
535 805
535 816
535 852
535 867
535 870
535 942
536 545
536 566
536 604
536 672
536 683
536 684
536 802
536 807
536 815
536 865
536 945
536 972
536 995
537 542
537 652
537 691
537 743
537 765
537 823
537 827
537 835
537 880
537 987
538 625
538 643
538 756
538 761
538 774
538 800
538 857
538 868
538 898
538 927
538 966
538 994
539 568
539 596
539 735
539 766
539 800
539 855
539 918
540 560
540 642
540 648
540 715
540 774
540 826
540 918
541 676
541 747
541 766
541 770
541 961
542 566
542 684
542 716
542 764
542 776
542 853
542 893
542 904
542 964
542 986
543 618
543 678
543 686
543 726
543 850
543 905
543 919
543 981
543 994
544 547
544 567
544 615
544 681
544 787
544 972
544 993
545 558
545 560
545 759
545 763
545 807
545 826
545 831
545 947
545 979
545 992
546 599
546 617
546 697
546 728
546 755
546 824
546 921
546 935
546 971
546 977
547 566
547 610
547 660
547 695
547 721
547 759
547 882
547 969
548 566
548 574
548 652
548 726
548 807
548 930
548 966
549 620
549 630
549 651
549 655
549 781
549 845
549 934
549 944
549 954
550 562
550 615
550 625
550 657
550 673
550 686
550 770
550 807
550 829
550 835
550 842
550 863
550 954
551 617
551 620
551 651
551 673
551 833
551 934
551 937
551 959
551 981
551 999
552 593
552 716
552 785
552 792
552 819
552 849
552 923
552 950
552 978
553 621
553 643
553 649
553 686
553 719
553 721
553 801
553 808
553 832
553 893
553 894
553 988
554 612
554 626
554 657
554 658
554 720
554 771
554 992
555 597
555 648
555 654
555 685
555 697
555 714
555 736
555 776
555 807
555 808
555 811
555 826
555 888
555 973
555 990
555 996
556 577
556 595
556 649
556 686
556 707
556 717
556 742
556 808
556 828
556 830
556 934
556 940
556 943
556 955
556 968
557 630
557 689
557 698
557 761
557 770
557 833
557 867
557 877
557 895
557 942
558 578
558 756
558 763
558 940
558 965
558 968
559 561
559 610
559 643
559 672
559 727
559 736
559 792
559 850
559 960
560 587
560 651
560 652
560 674
560 729
560 774
560 880
560 893
561 597
561 717
561 753
561 816
561 824
561 863
561 865
561 870
561 936
561 962
561 970
561 998
562 569
562 626
562 661
562 669
562 678
562 734
562 743
562 744
562 754
562 883
563 602
563 605
563 615
563 631
563 653
563 665
563 741
563 744
563 768
563 845
564 647
564 709
564 723
564 738
564 870
564 895
564 924
564 948
565 598
565 607
565 610
565 757
565 774
565 852
566 594
566 632
566 633
566 661
566 662
566 676
566 681
566 796
566 906
566 958
566 971
567 609
567 697
567 782
567 854
567 873
567 910
567 927
568 619
568 623
568 634
568 640
568 644
568 681
568 705
568 710
568 746
568 752
568 765
568 888
568 901
568 949
568 978
569 659
569 679
569 738
569 770
569 805
569 858
569 869
569 879
569 902
569 973
569 978
569 982
570 595
570 696
570 746
570 874
570 884
570 949
571 579
571 621
571 740
571 838
571 909
572 600
572 686
572 695
572 712
572 759
572 798
572 825
572 913
572 966
573 586
573 607
573 643
573 703
573 762
573 778
573 798
573 836
573 945
573 980
574 670
574 697
574 742
574 776
574 834
574 943
575 578
575 585
575 646
575 665
575 763
575 871
575 912
576 751
576 758
576 806
577 586
577 595
577 626
577 674
577 808
577 876
577 919
578 601
578 702
578 704
578 776
578 783
578 841
578 849
578 888
578 905
578 949
578 977
578 989
579 656
579 710
579 940
579 981
580 610
580 668
580 678
580 746
580 783
580 785
580 791
580 814
580 817
580 849
580 877
580 963
581 618
581 690
581 710
581 720
581 801
581 855
581 921
581 966
581 984
582 633
582 656
582 681
582 713
582 729
582 757
582 772
582 800
582 927
583 703
583 829
583 880
584 629
584 671
584 686
584 740
584 761
584 832
584 887
584 950
584 955
585 644
585 678
585 683
585 730
585 749
585 767
585 864
586 595
586 606
586 648
586 706
586 715
586 750
586 815
586 829
586 896
586 907
586 912
586 965
586 997
587 594
587 607
587 611
587 615
587 933
587 965
587 980
587 986
587 991
588 609
588 615
588 789
588 799
588 860
588 881
588 930
588 932
588 949
588 979
588 994
589 601
589 614
589 672
589 754
589 817
589 892
589 908
589 936
590 598
590 654
590 744
590 759
590 847
590 863
590 903
590 960
590 983
591 764
591 798
591 821
591 872
591 881
591 923
591 952
592 598
592 608
592 650
592 716
592 741
592 768
592 833
592 868
592 910
592 918
592 952
593 623
593 648
593 658
593 669
593 739
593 808
593 838
593 899
593 976
594 692
594 700
594 721
594 786
594 788
594 825
594 920
594 961
594 980
594 998
595 604
595 636
595 684
595 716
595 801
595 824
595 830
595 835
595 913
595 929
595 941
596 678
596 781
596 854
597 683
597 743
597 881
597 906
597 925
598 619
598 780
598 790
598 849
598 866
598 869
598 994
598 996
599 612
599 641
599 670
599 702
599 784
599 799
599 802
599 854
599 891
599 931
599 975
600 616
600 720
600 741
600 751
600 775
600 789
600 794
600 880
600 905
600 907
601 652
601 661
601 663
601 721
601 812
601 826
601 846
601 850
601 861
601 867
601 872
601 929
601 956
602 638
602 646
602 650
602 671
602 701
602 773
602 794
602 797
602 808
602 826
602 904
602 921
603 615
603 634
603 701
603 715
603 718
603 979
603 998
604 655
604 695
604 715
604 852
605 667
605 696
605 716
605 730
605 795
605 860
605 861
605 931
605 950
606 622
606 647
606 663
606 690
606 746
606 769
606 805
606 855
606 952
606 994
607 628
607 648
607 732
607 984
608 613
608 626
608 848
608 887
608 898
608 937
609 779
609 869
609 904
609 995
609 996
610 644
610 647
610 670
610 675
610 687
610 726
610 786
610 825
610 944
610 954
611 613
611 661
611 754
611 761
611 784
611 798
611 949
612 614
612 696
612 749
612 861
612 915
612 921
612 983
613 643
613 644
613 669
613 730
613 750
613 775
613 840
613 879
614 635
614 671
614 690
614 723
614 748
614 907
615 634
615 678
615 709
615 816
615 927
615 952
616 678
616 681
616 688
616 699
616 821
616 836
616 919
617 642
617 750
617 772
617 787
617 799
617 963
617 975
618 647
618 678
618 764
618 790
618 886
618 891
618 908
619 647
619 670
619 737
619 742
619 788
619 869
619 890
619 900
619 905
619 932
619 971
619 995
620 696
620 705
620 707
620 836
620 840
620 871
620 932
620 944
620 953
620 965
620 996
621 660
621 752
621 768
621 831
621 866
621 951
621 981
621 985
622 699
622 759
622 842
622 861
622 920
622 973
623 668
623 691
623 696
623 705
623 741
623 799
623 813
623 834
623 930
624 666
624 677
624 863
624 864
624 880
624 881
624 922
624 964
624 966
624 994
625 722
625 741
625 772
625 882
625 893
626 688
626 707
626 723
626 779
626 828
626 871
626 903
626 917
626 931
626 967
626 990
627 640
627 650
627 785
627 848
627 849
627 912
627 916
627 994
628 726
628 758
628 773
628 790
628 805
628 884
628 914
628 929
628 948
628 991
629 744
629 793
629 840
629 880
629 928
629 933
630 635
630 677
630 724
630 734
630 754
630 812
631 675
631 698
631 782
631 849
631 852
631 897
631 935
632 651
632 669
632 673
632 697
632 740
632 787
632 805
632 850
632 899
632 906
633 723
633 741
633 842
633 860
633 973
633 977
633 991
633 999
634 887
634 942
634 989
635 655
635 723
635 788
635 815
635 818
635 839
635 892
635 940
635 958
636 684
636 690
636 700
636 708
636 715
636 904
636 943
637 676
637 728
637 740
637 786
637 874
637 948
637 967
637 985
638 715
638 763
638 784
638 793
638 847
638 874
638 897
638 974
639 651
639 656
639 716
639 742
639 800
639 899
639 912
639 991
640 661
640 771
640 866
640 892
640 935
640 989
640 996
641 704
641 707
641 730
641 807
641 895
641 908
641 963
642 658
642 736
642 749
642 818
642 829
642 831
642 902
642 934
643 689
643 723
643 757
643 773
643 933
644 664
644 700
644 736
644 777
644 781
644 929
644 974
645 663
645 691
645 728
645 802
645 814
645 842
645 897
645 906
645 928
645 978
646 691
646 724
646 815
646 860
646 986
647 710
647 754
647 810
647 902
647 925
647 959
648 651
648 679
648 698
648 699
648 834
648 922
649 804
649 849
649 879
649 982
650 694
650 731
650 776
650 792
650 803
650 875
650 918
650 938
650 950
650 955
650 961
651 757
651 782
651 844
651 905
651 922
652 657
652 690
652 796
652 799
652 813
652 844
652 856
652 931
652 941
652 962
652 977
653 715
653 724
653 759
653 803
653 832
653 883
653 904
653 968
653 991
654 764
654 788
654 806
654 837
654 840
654 851
654 906
654 955
655 678
655 779
655 812
655 873
655 949
655 971
656 670
656 680
656 774
656 791
656 810
657 709
657 731
657 799
657 838
657 940
657 971
658 681
658 812
658 918
658 940
658 977
659 698
659 783
659 786
659 813
659 860
659 887
659 888
659 920
660 670
660 677
660 776
660 971
661 774
661 834
661 860
661 882
661 925
661 940
662 665
662 672
662 751
662 767
662 975
662 980
663 753
663 788
663 799
663 826
663 827
663 896
663 906
663 974
663 988
664 685
664 747
664 751
664 852
664 862
664 884
664 997
664 999
665 842
665 869
665 963
666 717
666 765
666 802
666 869
667 691
667 692
667 850
667 895
667 898
668 698
668 721
668 853
668 857
668 903
669 764
669 895
669 948
670 709
670 870
670 891
670 931
671 675
671 760
671 806
671 836
671 950
672 709
672 756
672 778
672 929
673 702
673 826
673 855
673 909
673 949
674 805
674 815
674 843
674 889
674 907
674 950
675 726
675 760
675 781
675 792
675 797
675 803
675 825
675 856
675 912
676 697
676 728
676 786
676 804
676 911
676 966
676 980
677 867
677 878
677 936
677 938
677 963
677 986
678 693
678 861
678 886
678 910
679 712
679 779
679 782
679 838
679 874
679 891
679 945
679 971
679 995
680 805
680 830
680 855
680 859
680 867
680 899
680 903
680 972
681 768
681 791
681 863
681 865
681 869
682 725
682 770
682 804
682 828
682 845
682 948
683 711
683 798
683 841
683 880
683 968
683 976
684 688
684 756
684 787
684 798
684 813
684 825
684 884
684 910
685 766
685 960
685 985
686 709
686 746
686 748
686 824
686 826
686 900
686 919
686 977
686 978
687 703
687 736
687 754
687 802
687 822
687 910
687 913
687 934
688 700
688 791
688 904
688 974
688 991
689 771
689 804
689 821
689 847
689 884
689 919
689 932
689 982
690 817
690 839
690 857
690 869
690 947
690 970
690 979
691 766
691 821
691 822
691 912
692 870
692 887
692 917
693 803
693 823
693 863
693 875
693 880
693 910
693 973
693 994
694 723
694 790
694 905
694 946
694 990
695 699
695 703
695 839
695 896
695 921
695 959
695 977
696 703
696 707
696 761
696 853
696 925
696 952
697 755
697 821
697 867
697 873
697 896
697 918
697 946
698 787
698 965
699 753
699 908
700 773
700 827
700 903
700 924
700 959
700 971
700 989
700 999
701 708
701 797
701 858
701 881
701 944
701 980
702 704
702 771
702 824
702 874
702 920
702 934
703 768
703 772
703 799
703 843
703 886
703 987
704 735
704 761
704 828
704 858
704 907
704 930
705 727
705 759
705 799
705 906
705 946
705 999
706 747
706 834
706 905
707 760
707 862
707 864
707 881
707 904
707 976
708 769
708 776
708 814
708 860
708 876
708 882
708 888
708 931
708 938
709 710
710 724
710 746
710 792
710 813
710 845
710 846
710 876
710 922
710 932
710 999
711 713
711 818
711 919
711 976
711 979
711 985
712 859
712 993
713 793
713 805
713 907
713 947
713 961
713 979
714 807
714 841
714 873
714 888
714 928
714 940
714 998
715 739
715 752
715 829
715 839
715 855
716 739
716 773
716 797
716 877
716 890
716 973
717 727
717 767
717 780
717 871
717 916
717 974
718 722
718 744
718 863
718 878
718 884
718 987
719 771
719 810
720 911
720 933
721 756
721 805
721 818
721 839
721 854
721 859
721 937
721 945
722 950
722 982
723 731
723 856
723 886
723 925
723 961
724 736
724 776
724 904
724 979
724 986
724 987
725 754
725 869
725 930
725 954
726 821
726 869
726 915
726 995
727 783
727 816
727 934
728 762
728 777
728 867
728 901
728 908
728 994
729 793
729 806
729 874
729 940
729 948
729 955
729 961
729 985
730 754
730 763
730 853
730 935
730 956
730 983
730 990
731 736
731 832
731 891
731 895
731 928
731 934
731 939
731 967
732 888
732 890
732 945
732 999
733 776
733 782
733 864
733 915
733 954
733 984
734 761
734 767
734 822
734 864
734 872
734 950
735 858
735 984
736 839
736 908
736 911
736 954
737 771
737 850
738 783
738 807
738 863
739 740
739 815
739 866
739 884
739 949
739 952
739 989
739 999
740 769
740 779
740 799
740 915
740 968
740 983
741 743
741 812
741 891
741 939
741 996
742 749
742 767
742 773
742 810
742 839
742 842
742 878
742 888
742 890
742 916
742 919
743 846
743 887
743 914
744 750
744 787
744 824
744 827
744 849
744 863
744 987
745 795
745 809
745 842
746 753
746 899
746 957
747 749
747 785
747 820
747 834
747 856
747 973
748 900
748 998
749 754
749 812
749 835
749 873
750 868
750 926
750 934
751 776
752 762
752 802
752 806
752 807
752 861
752 906
752 926
752 938
752 954
752 977
753 818
753 883
753 945
753 960
754 798
754 917
754 942
754 943
754 954
754 973
755 774
755 869
755 910
755 941
755 972
755 996
756 757
756 865
756 892
756 932
756 982
757 763
757 922
758 813
758 875
758 878
758 889
758 894
758 901
759 785
759 914
759 954
759 991
760 797
760 802
760 818
760 828
760 903
760 907
761 831
761 956
762 800
762 842
762 912
762 918
763 841
763 853
763 873
763 880
763 948
764 803
764 889
764 944
765 831
765 872
765 877
765 939
766 824
766 848
766 849
766 943
766 960
766 963
766 984
767 820
767 889
767 976
768 858
768 903
768 926
769 833
769 889
769 925
770 781
770 782
770 821
770 906
770 930
771 780
771 799
771 865
772 782
772 833
772 894
773 827
773 889
773 937
773 952
773 987
774 794
774 795
774 818
774 824
774 831
774 854
774 858
774 883
774 974
775 849
775 947
777 786
777 797
777 955
777 956
778 808
778 835
778 995
779 830
779 903
779 918
779 979
779 982
780 846
780 855
780 864
780 995
781 816
781 822
781 839
781 910
782 827
782 902
782 918
782 939
782 961
782 972
783 791
783 835
783 839
783 845
783 852
783 972
784 794
784 805
784 857
784 946
784 960
784 961
784 962
785 948
785 991
786 874
786 877
786 930
787 824
787 834
787 844
787 859
787 954
787 956
787 973
789 809
789 818
789 873
789 918
789 922
789 967
790 820
790 833
790 850
790 860
790 871
790 920
790 984
791 886
791 889
791 931
791 998
792 855
792 953
793 839
793 866
793 877
793 904
793 934
794 813
794 821
794 879
794 883
794 916
794 951
795 823
795 849
795 851
795 856
795 867
795 874
795 875
795 901
795 921
796 870
796 973
797 814
797 821
797 872
797 875
797 886
797 936
797 962
798 850
798 885
798 986
798 997
799 868
799 898
799 929
799 940
799 960
800 960
800 963
800 973
801 817
801 819
801 896
802 824
802 918
802 938
802 940
802 982
803 832
803 866
803 886
803 959
803 969
804 896
804 902
805 807
805 883
805 906
805 915
805 949
805 995
806 857
806 868
806 970
807 830
807 864
807 946
807 977
808 823
808 827
808 879
808 903
808 939
808 989
809 823
809 833
809 878
809 891
809 903
809 958
810 823
810 874
810 901
811 850
811 880
811 962
812 821
812 832
812 845
812 857
812 867
812 916
813 917
813 968
813 997
814 840
814 920
814 951
814 971
815 869
815 924
815 976
816 858
816 899
816 902
816 917
817 819
817 907
817 913
818 904
818 905
818 946
819 842
819 861
819 891
821 910
821 931
821 944
821 976
822 836
822 839
822 868
822 876
823 826
823 896
823 907
823 919
823 924
824 865
824 935
824 938
824 956
824 974
825 868
825 906
825 921
825 957
825 985
826 855
826 871
826 901
827 849
827 876
827 954
828 844
828 880
828 924
828 953
828 965
828 987
829 866
829 900
829 925
830 835
830 837
830 882
830 907
830 962
831 836
831 866
831 887
831 889
831 892
831 904
831 989
833 834
833 853
833 856
833 911
833 993
833 995
834 906
835 874
835 944
835 987
836 840
836 856
837 873
837 874
837 875
837 908
837 914
837 937
837 946
838 972
839 920
839 971
839 997
839 999
840 855
840 958
841 896
842 855
842 894
842 984
843 924
843 960
843 974
844 881
844 898
844 933
845 875
846 942
846 978
846 983
847 882
847 912
847 959
848 852
848 869
848 939
849 863
849 878
849 896
849 960
850 867
850 870
850 911
850 965
850 978
850 993
850 999
851 889
851 913
851 928
852 873
852 925
853 879
853 907
853 982
853 995
854 858
854 899
854 913
854 988
855 979
856 885
856 886
856 920
857 861
857 948
860 872
860 977
861 936
862 899
862 985
862 990
863 874
863 913
864 886
865 939
865 971
866 925
866 926
866 978
867 952
867 959
868 940
868 941
868 978
868 986
869 904
869 916
869 917
869 989
870 907
870 916
870 963
871 885
871 954
871 959
872 933
872 998
873 889
873 911
873 928
873 989
874 922
874 967
875 879
875 923
875 954
875 958
876 904
876 986
877 999
878 916
879 907
879 930
880 948
881 906
881 931
883 913
883 938
883 993
884 902
884 930
884 951
884 971
884 972
885 988
886 907
886 913
886 934
886 981
887 963
888 932
888 970
888 985
889 891
889 917
889 940
889 960
890 978
890 982
890 995
891 892
891 898
893 901
893 946
893 967
894 941
895 914
895 983
896 972
897 940
897 951
897 967
898 980
899 908
899 948
900 920
900 993
902 907
902 933
902 938
903 928
904 947
904 960
904 971
905 923
905 928
905 949
906 938
906 960
907 922
908 926
908 945
908 949
909 929
909 934
909 993
910 956
911 949
911 957
913 945
913 956
914 977
916 942
916 950
916 982
917 966
919 920
919 923
919 933
920 921
922 944
922 948
922 975
922 985
924 978
927 973
927 989
928 938
928 981
929 942
930 938
931 958
932 971
932 980
933 966
933 973
936 963
936 978
936 983
937 944
937 948
937 966
937 989
938 949
941 947
941 950
943 977
944 983
944 985
944 988
946 948
946 981
948 962
948 992
949 995
950 957
950 965
950 988
950 999
951 983
953 968
954 999
957 965
957 980
959 990
964 994
965 999
966 998
967 989
967 990
969 972
971 981
972 989
973 979
977 982
